1 1.000000000000000000e+00
1 6.666666666666665186e-01
1 3.333333333333332593e-01
1 0.000000000000000000e+00
1 -3.333333333333333703e-01
1 -6.666666666666667407e-01
1 -1.000000000000000000e+00
1 -1.000000000000000000e+00
1 -1.000000000000000000e+00
1 1.000000000000000000e+00
1 6.666666666666665186e-01
1 3.333333333333332593e-01
1 0.000000000000000000e+00
1 -3.333333333333333703e-01
1 -6.666666666666667407e-01
1 -1.000000000000000000e+00
1 -1.000000000000000000e+00
1 -1.000000000000000000e+00
1 1.000000000000000000e+00
1 6.666666666666665186e-01
1 3.333333333333332593e-01
1 0.000000000000000000e+00
1 -3.333333333333333703e-01
1 -6.666666666666667407e-01
1 -1.000000000000000000e+00
1 -1.000000000000000000e+00
1 -1.000000000000000000e+00
1 1.000000000000000000e+00
1 6.666666666666665186e-01
1 3.333333333333332593e-01
1 0.000000000000000000e+00
1 -3.333333333333333703e-01
1 -6.666666666666667407e-01
1 -1.000000000000000000e+00
1 -1.000000000000000000e+00
1 -1.000000000000000000e+00
1 1.000000000000000000e+00
1 6.666666666666665186e-01
1 3.333333333333332593e-01
1 0.000000000000000000e+00
1 -3.333333333333333703e-01
1 -6.666666666666667407e-01
1 -1.000000000000000000e+00
1 -1.000000000000000000e+00
1 -1.000000000000000000e+00
1 1.000000000000000000e+00
1 4.444444444444445308e-01
1 1.111111111111111327e-01
1 0.000000000000000000e+00
1 1.111111111111110633e-01
1 4.444444444444442532e-01
1 1.000000000000000000e+00
1 1.000000000000000000e+00
1 1.000000000000000000e+00
1 1.000000000000000000e+00
1 4.444444444444445308e-01
1 1.111111111111111327e-01
1 0.000000000000000000e+00
1 1.111111111111110633e-01
1 4.444444444444442532e-01
1 1.000000000000000000e+00
1 1.000000000000000000e+00
1 1.000000000000000000e+00
1 1.000000000000000000e+00
1 6.666666666666665186e-01
1 3.333333333333332593e-01
1 0.000000000000000000e+00
1 -3.333333333333333703e-01
1 -6.666666666666667407e-01
1 -1.000000000000000000e+00
1 -1.000000000000000000e+00
1 -1.000000000000000000e+00
1 1.000000000000000000e+00
1 6.666666666666665186e-01
1 3.333333333333332593e-01
1 0.000000000000000000e+00
1 -3.333333333333333703e-01
1 -6.666666666666667407e-01
1 -1.000000000000000000e+00
1 -1.000000000000000000e+00
1 -1.000000000000000000e+00
1 1.000000000000000000e+00
1 4.444444444444445308e-01
1 1.111111111111111327e-01
1 0.000000000000000000e+00
1 1.111111111111110633e-01
1 4.444444444444442532e-01
1 1.000000000000000000e+00
1 1.000000000000000000e+00
1 1.000000000000000000e+00
1 1.000000000000000000e+00
1 4.444444444444445308e-01
1 1.111111111111111327e-01
1 0.000000000000000000e+00
1 1.111111111111110633e-01
1 4.444444444444442532e-01
1 1.000000000000000000e+00
1 1.000000000000000000e+00
1 1.000000000000000000e+00
1 1.000000000000000000e+00
1 4.444444444444445308e-01
1 1.111111111111111327e-01
1 0.000000000000000000e+00
1 1.111111111111110633e-01
1 4.444444444444442532e-01
1 1.000000000000000000e+00
1 1.000000000000000000e+00
1 1.000000000000000000e+00
